"id","soc_stock_t_ha_observado","soc_stock_t_ha_predito","mean_prediction","median_prediction","sampling_year","latitude","longitude"
"ctb0751-96",32,33.33,3572,3341,1985,-9.25,-62.36667
"ctb0751-90",33,32.95,3491,3410,1985,-9.166667,-62.48333
"ctb0751-95",37,36.53,3624,3499,1985,-9.216667,-62.58333
"ctb0033-RO3407",16,16.25,3799,4089,1996,-9.45472222,-62.67694444
"ctb0033-RO3299",19,18.99,2889,2795,1996,-9.17638889,-62.55138889
"ctb0033-RO3405",19,19.78,2471,2063,1996,-9.42277778,-62.6
"ctb0033-RO3401",21,21.36,2665,2385,1996,-9.08777778,-62.54638889
"ctb0033-RO3410",21,21.12,2974,2580,1996,-9.25111111,-62.67527778
"ctb0033-RO3412",21,21.4,2837,2551,1996,-9.12666667,-62.71583333
"ctb0033-RO3297",24,23.62,3022,2681,1996,-9.29,-62.49944444
"ctb0033-RO3413",24,24.72,2909,2567,1996,-9.3525,-62.56444444
"ctb0033-RO3273",25,25.48,3025,2837,1996,-9.305,-62.40527778
"ctb0033-RO3411",26,26.32,2945,2797,1996,-9.18916667,-62.69055556
"ctb0033-RO3400",27,26.47,2720,2610,1996,-9.11361111,-62.5375
"ctb0033-RO3406",27,27.77,3402,3151,1996,-9.50055556,-62.67638889
"ctb0033-RO3402",29,29.45,2964,2938,1996,-9.03055556,-62.53083333
"ctb0033-RO3414",29,28.13,3706,3635,1996,-9.37277778,-62.56333333
"ctb0033-RO3272",30,29.31,3104,2963,1996,-9.34527778,-62.37277778
"ctb0033-RO3417",30,30,3256,3053,1996,-9.50305556,-62.60611111
"ctb0033-RO3274",31,30.42,3290,3090,1996,-9.40972222,-62.41888889
"ctb0033-RO3296",32,32.66,3023,3045,1996,-9.35777778,-62.48
"ctb0033-RO3298",33,32.87,3302,3277,1996,-9.22611111,-62.53444444
"ctb0033-RO3416",33,32.44,3309,3084,1996,-9.47305556,-62.54444444
"ctb0033-RO3415",34,33.56,3221,3213,1996,-9.30027778,-62.60472222
"ctb0033-RO3408",40,42.4,3825,3997,1996,-9.39083333,-62.68111111
"ctb0033-RO3420",42,44.9,3892,4092,1996,-9.525,-62.83055556
"ctb0033-RO3404",43,43.12,3711,3795,1996,-8.99194444,-62.62916667
"ctb0033-RO3403",44,42.7,3710,3802,1996,-8.98944444,-62.56444444
"ctb0033-RO3409",44,42.46,3927,4203,1996,-9.31277778,-62.67722222
"ctb0033-RO3419",48,51.38,4167,4389,1996,-9.48638889,-62.80111111
"ctb0033-RO3295",52,52.38,4183,4528,1996,-9.39527778,-62.54888889
