"id","soc_stock_t_ha_observado","soc_stock_t_ha_predito","mean_prediction","median_prediction","sampling_year","latitude","longitude"
"ctb0754-32",20,20.03,5076,3045,1985,-13.14678,-62.13412
"ctb0754-34",91,93.6,7242,7310,1985,-12.58333,-61.68333
"ctb0033-RO2254D",5,5.08,4259,4002,1996,-12.0340129826652,-61.8455719220803
"ctb0033-RO2292",14,13.93,3335,2533,1996,-12.44888889,-61.71777778
"ctb0033-RO2307",14,14.38,2915,2349,1996,-12.47305556,-61.88083333
"ctb0033-RO2315",16,16.13,2656,2073,1996,-12.54472222,-61.99722222
"ctb0033-RO2283",17,16.76,3225,2133,1996,-12.24361111,-61.82388889
"ctb0033-RO2306",17,16.66,2550,2006,1996,-12.4575,-61.86666667
"ctb0033-RO2469",20,19.47,3183,2595,1996,-12.47638889,-61.92
"ctb0033-RO2259",21,20.3,2913,2460,1996,-12.30222222,-61.78888889
"ctb0033-RO2472",22,21.97,3683,2864,1996,-12.34388889,-61.94944444
"ctb0033-RO2465",23,23.24,3206,2408,1996,-12.67027778,-61.90916667
"ctb0033-RO2308",24,23.85,4054,2966,1996,-12.43194444,-61.86333333
"ctb0033-RO2313",24,23.69,3691,3367,1996,-12.14888889,-61.79333333
"ctb0033-RO2481",24,23.35,2963,2510,1996,-12.23,-61.91083333
"ctb0033-RO2311",25,25.38,3751,3116,1996,-12.37277778,-61.73833333
"ctb0033-RO2255",26,25.61,3153,2839,1996,-12.19027778,-61.81916667
"ctb0033-RO2310",26,25.94,3367,2838,1996,-12.26388889,-61.77027778
"ctb0033-RO2467",26,25.15,3004,2910,1996,-12.55694444,-61.90944444
"ctb0033-RO2470",29,28.96,3140,2776,1996,-12.43805556,-61.95083333
"ctb0033-RO2258",30,30,4201,3278,1996,-12.25111111,-61.78388889
"ctb0033-RO2282",32,30.95,3566,3301,1996,-12.23777778,-61.82055556
"ctb0033-RO2466",33,32.17,3956,3367,1996,-12.61027778,-61.90944444
"ctb0033-RO2237",34,33.47,4483,3858,1996,-12.10388889,-61.92055556
"ctb0033-RO2281",34,33.52,4091,3492,1996,-12.21194444,-61.81944444
"ctb0033-RO2314",34,34.04,4926,4171,1996,-12.03388889,-61.84777778
"ctb0033-RO2480",34,35.43,3921,3545,1996,-12.32527778,-61.99138889
"ctb0033-RO1691",35,34.51,3754,3349,1996,-12.54638889,-61.55611111
"ctb0033-RO2240",36,36.74,4378,3606,1996,-12.13222222,-61.87277778
"ctb0033-RO2488",36,35.9,3266,3419,1996,-12.57416667,-61.90916667
"ctb0033-RO2243",37,37.86,4742,4262,1996,-12.13194444,-61.96638889
"ctb0033-RO2280",37,35.5,4011,3543,1996,-12.07666667,-61.84861111
"ctb0033-RO2293",39,36.74,4107,3618,1996,-12.44916667,-61.74111111
"ctb0033-RO2476",43,43.57,4456,3997,1996,-12.5175,-61.99972222
"ctb0033-RO1690",44,43.2,5072,4261,1996,-12.52638889,-61.59027778
"ctb0033-RO2241",48,46.4,4567,4458,1996,-12.13194444,-61.82305556
"ctb0033-RO2468",48,46.91,3975,4066,1996,-12.51916667,-61.91277778
"ctb0033-RO2473",48,47.59,4318,4142,1996,-12.29777778,-61.95277778
"ctb0033-RO2487",49,49.34,5679,4415,1996,-12.63472222,-61.90944444
"ctb0033-RO2252",50,51.2,4792,4886,1996,-11.99944444,-61.92916667
"ctb0033-RO2482",51,49.78,4906,4894,1996,-12.21194444,-61.91222222
"ctb0033-RO2257",52,51.14,4348,4321,1996,-12.18972222,-61.78444444
"ctb0033-RO1692",53,52.53,6149,5407,1996,-12.56583333,-61.53722222
"ctb0033-RO2253",53,55.02,5283,5303,1996,-11.99555556,-61.85944444
"ctb0033-RO2261",53,54.21,5985,5534,1996,-12.35583333,-61.73138889
"ctb0033-RO2471",53,52.42,4337,4121,1996,-12.395,-61.95555556
"ctb0033-RO2244",54,53.03,5146,4672,1996,-12.14805556,-61.8125
"ctb0033-RO2260",55,54.97,4146,4457,1996,-12.34,-61.78472222
"ctb0033-RO2233",56,57.24,5146,5223,1996,-12.02361111,-61.92916667
"ctb0033-RO2254",58,56.36,5398,5138,1996,-12.035,-61.84694444
"ctb0033-RO2294",66,64.06,5257,5035,1996,-12.40638889,-61.74166667
"ctb0033-RO2239",72,75.4,5967,6255,1996,-12.12805556,-61.87416667
"ctb0033-RO2256",83,83.57,6978,7043,1996,-12.18694444,-61.87805556
"ctb0033-RO2637",90,86.41,8367,8997,1996,-13.10388889,-62.24722222
"ctb0033-RO2232",91,89.15,6216,6640,1996,-12.06722222,-61.92944444
"ctb0033-RO2673",92,90.29,8167,8997,1996,-12.99805556,-62.15361111
"ctb0033-RO2667",96,93.39,7981,8997,1996,-12.99694444,-62.16194444
"ctb0033-RO2238",142,135.61,6737,5364,1996,-12.13083333,-61.91833333
