"id","soc_stock_t_ha_observado","soc_stock_t_ha_predito","mean_prediction","median_prediction","sampling_year","latitude","longitude"
"ctb0713-81",26,27.45,3377,3255,1985,-9.266667,-64.06667
"ctb0751-13",26,25.61,3295,3154,1985,-8.25,-63.31667
"ctb0751-79",28,27.49,3441,3274,1985,-9.433333,-64.76667
"ctb0751-60",29,38.75,3314,3101,1985,-9.666667,-64.58333
"ctb0751-76",30,30.52,3962,3745,1985,-9.816667,-64.16667
"ctb0713-85",41,40.42,3877,3669,1985,-9.7833,-66.4833
"ctb0713-84",44,42.64,3528,3340,1985,-9.7667,-66.7667
"ctb0751-23",49,50.3,4748,4390,1985,-8.483333,-63.51667
"ctb0751-11",55,53.85,3675,3455,1985,-8.6667,-63.5667
"ctb0751-61",71,69.18,4891,4653,1985,-9.75,-65.26667
"ctb0751-24",101,102.66,7173,6590,1985,-8.766667,-63.98333
"ctb0033-RO3326",2,1.77,0,0,1996,-9.4375,-65.01666667
"ctb0033-RO2327",5,5.4,2763,2654,1996,-8.22027778,-62.89111111
"ctb0033-RO2905",8,8.38,3278,2803,1996,-9.36138889,-64.65861111
"ctb0033-RO3316",8,8.65,2747,2610,1996,-9.57527778,-64.76777778
"ctb0033-RO3306",9,8.98,2973,2719,1996,-9.52444444,-64.5275
"ctb0033-RO2379",10,9.41,3076,2894,1996,-8.67166667,-63.90305556
"ctb0033-RO3708",10,10.55,2791,2657,1996,-8.89305556,-63.85833333
"ctb0033-RO3332",12,11.92,0,0,1996,-9.485,-65.07833333
"ctb0033-RO3899",12,11.71,2936,2734,1996,-9.19166667,-64.31861111
"ctb0033-RO2000",13,12.82,3202,2860,1996,-9.52305556,-64.44777778
"ctb0033-RO2393",14,14.27,2969,2799,1996,-8.62472222,-63.57861111
"ctb0033-RO2394",14,13.67,3206,2977,1996,-8.59583333,-63.68
"ctb0033-RO2922",14,13.57,2975,2864,1996,-9.81027778,-65.29222222
"ctb0033-RO1896",15,15.6,2756,2636,1996,-9.27333333,-64.43722222
"ctb0033-RO2336",15,14.79,3239,3119,1996,-8.43944444,-62.96583333
"ctb0033-RO2337",15,15,3314,2907,1996,-8.39888889,-63.02027778
"ctb0033-RO2997",15,14.38,4294,3237,1996,-9.80666667,-66.30944444
"ctb0033-RO3702",15,14.64,3829,3559,1996,-8.94611111,-63.86
"ctb0033-RO2392",16,16.63,3135,2851,1996,-8.6975,-63.63777778
"ctb0033-RO2913",16,15.81,2801,2705,1996,-9.38777778,-64.74694444
"ctb0033-RO2958",16,16.71,3206,2961,1996,-9.57638889,-65.70083333
"ctb0033-RO2998",16,15.79,3328,2885,1996,-9.80944444,-66.21833333
"ctb0033-RO3318",16,16.06,2952,2766,1996,-9.54833333,-64.83555556
"ctb0033-RO3321",16,15.65,2774,2686,1996,-9.61972222,-64.90583333
"ctb0033-RO2328",17,16.77,3668,3297,1996,-8.22166667,-62.86638889
"ctb0033-RO2904",17,17.14,2843,2741,1996,-9.37166667,-64.64638889
"ctb0033-RO2910",17,17.68,3061,2767,1996,-9.33638889,-64.68916667
"ctb0033-RO2951",17,16.96,3112,3026,1996,-9.72694444,-65.68472222
"ctb0033-RO3304",17,16.8,3046,2972,1996,-9.76,-66.07638889
"ctb0033-RO3580",17,16.76,4293,3577,1996,-8.05861111,-62.91555556
"ctb0033-RO3589",17,16.65,NA,NA,1996,-8.38,-62.90861111
"ctb0033-RO2947",18,18.07,3247,3058,1996,-9.81777778,-65.5725
"ctb0033-RO3307",18,17.39,3141,2803,1996,-9.51861111,-64.48055556
"ctb0033-RO3329",18,17.63,3284,2961,1996,-9.40805556,-65.05444444
"ctb0033-RO3335",18,18.07,2920,2803,1996,-9.49833333,-65.12611111
"ctb0033-RO3710",18,17.68,3845,3425,1996,-8.85194444,-63.76138889
"ctb0033-RO3741",18,17.46,4058,3517,1996,-8.62333333,-63.96083333
"ctb0033-RO1895",19,18.95,2916,2769,1996,-9.21722222,-64.43194444
"ctb0033-RO2339",19,19.09,3199,3121,1996,-8.35472222,-62.99805556
"ctb0033-RO2912",19,19.11,3308,3084,1996,-9.37722222,-64.74694444
"ctb0033-RO2918",19,19.04,3104,2900,1996,-9.66583333,-65.43638889
"ctb0033-RO2939",19,20.06,2838,2703,1996,-9.77083333,-65.52666667
"ctb0033-RO3302",19,18.85,3262,3122,1996,-9.76416667,-66.13111111
"ctb0033-RO3311",19,19.15,2821,2735,1996,-9.33527778,-64.50888889
"ctb0033-RO3341",19,18.8,3107,2832,1996,-9.34722222,-64.87611111
"ctb0033-RO3596",19,18.47,3558,3042,1996,-8.04527778,-62.92166667
"ctb0033-RO3712",19,18.75,3356,2910,1996,-8.85694444,-63.75972222
"ctb0033-RO3723",19,19.36,3359,3098,1996,-9.17472222,-64.04055556
"ctb0033-RO3745",19,20.6,3559,2856,1996,-9.1075,-64.185
"ctb0033-RO3893",19,19.19,3001,2765,1996,-9.11305556,-64.28305556
"ctb0033-RO1897",20,19.99,3252,2800,1996,-9.21222222,-64.50111111
"ctb0033-RO2906",20,19.7,3145,2915,1996,-9.45555556,-64.55972222
"ctb0033-RO2926",20,20,2942,2775,1996,-9.93777778,-65.28055556
"ctb0033-RO2942",20,24.37,3220,3063,1996,-9.70388889,-65.53638889
"ctb0033-RO3312",20,20.14,2826,2762,1996,-9.38527778,-64.56944444
"ctb0033-RO3348",20,18.33,3419,2813,1996,-9.36277778,-64.79888889
"ctb0033-RO3898",20,19.66,3150,2961,1996,-9.24888889,-64.34916667
"ctb0033-RO2335",21,20.81,3623,3165,1996,-8.48722222,-62.98388889
"ctb0033-RO2381",21,20.27,3705,3361,1996,-8.69055556,-63.70944444
"ctb0033-RO2399",21,21.03,3933,3556,1996,-8.83472222,-63.93666667
"ctb0033-RO2902",21,21.56,3360,3037,1996,-9.37833333,-64.64944444
"ctb0033-RO2911",21,20.58,2981,2845,1996,-9.35361111,-64.67694444
"ctb0033-RO2923",21,21.15,3146,2996,1996,-9.84944444,-65.27166667
"ctb0033-RO2948",21,20.81,2848,2705,1996,-9.82333333,-65.61083333
"ctb0033-RO2952",21,21.09,3121,2959,1996,-9.74055556,-65.68527778
"ctb0033-RO2953",21,20.81,NA,NA,1996,-9.764905,-65.735686
"ctb0033-RO2954",21,22.36,3393,3238,1996,-9.71055556,-65.58722222
"ctb0033-RO2977",21,20.57,3425,3233,1996,-9.82361111,-66.63833333
"ctb0033-RO2994",21,20.35,NA,NA,1996,-9.86916667,-66.42805556
"ctb0033-RO3338",21,20.4,3042,2861,1996,-9.54888889,-65.04916667
"ctb0033-RO3350",21,20.66,3021,2831,1996,-9.43416667,-64.83555556
"ctb0033-RO3742",21,20.65,4018,3434,1996,-8.63638889,-63.98027778
"ctb0033-RO2080",22,22.08,3767,3477,1996,-9.24722222,-64.41388889
"ctb0033-RO2322",22,23.22,4628,4134,1996,-8.11611111,-63.01305556
"ctb0033-RO2340",22,22.53,3340,3267,1996,-8.35111111,-63.00166667
"ctb0033-RO2342",22,21.58,3019,2780,1996,-8.20888889,-62.98444444
"ctb0033-RO2384",22,22.45,3136,2862,1996,-8.69694444,-63.84611111
"ctb0033-RO3315",22,22.36,3385,2829,1996,-9.57083333,-64.80361111
"ctb0033-RO3330",22,23.85,0,0,1996,-9.42055556,-65.08055556
"ctb0033-RO3339",22,21.89,3876,3551,1996,-9.52361111,-65.04111111
"ctb0033-RO2330",23,23.49,2887,2770,1996,-8.29138889,-62.89166667
"ctb0033-RO2901",23,22.07,2771,2667,1996,-9.30861111,-64.61388889
"ctb0033-RO2908",23,22.87,3023,2897,1996,-9.46722222,-64.65222222
"ctb0033-RO2965",23,23.15,3214,3060,1996,-9.57416667,-65.97416667
"ctb0033-RO3317",23,22.54,2794,2697,1996,-9.61083333,-64.75083333
"ctb0033-RO3319",23,22.64,3432,3099,1996,-9.57222222,-65.00277778
"ctb0033-RO3327",23,23.59,3410,2999,1996,-9.44583333,-65.01972222
"ctb0033-RO3333",23,22.61,3619,3294,1996,-9.495,-65.04694444
"ctb0033-RO3334",23,24.89,0,0,1996,-9.50722222,-65.12916667
"ctb0033-RO3349",23,21.75,3354,2978,1996,-9.40416667,-64.83527778
"ctb0033-RO3588",23,21.78,3442,3097,1996,-8.38138889,-62.89138889
"ctb0033-RO3894",23,23.36,3323,2862,1996,-9.12833333,-64.27194444
"ctb0033-RO3896",23,24.28,4222,3871,1996,-9.1775,-64.25111111
"ctb0033-RO2950",24,24.14,3046,2853,1996,-9.80777778,-65.70361111
"ctb0033-RO2967",24,24.37,3755,3380,1996,-9.6025,-66.005
"ctb0033-RO2991",24,24.32,3698,3486,1996,-9.59416667,-66.32055556
"ctb0033-RO2995",24,24.55,3539,3470,1996,-9.84138889,-66.41972222
"ctb0033-RO3320",24,23.59,3365,3104,1996,-9.59694444,-64.94416667
"ctb0033-RO3594",24,23.03,4370,4128,1996,-8.31555556,-62.99
"ctb0033-RO3711",24,23.49,4183,3737,1996,-8.91583333,-63.76277778
"ctb0033-RO3715",24,24.3,3804,3360,1996,-8.73444444,-64.13416667
"ctb0033-RO2390",25,24.72,3232,3121,1996,-8.62583333,-63.64138889
"ctb0033-RO2919",25,24.07,3131,2915,1996,-9.67527778,-65.40138889
"ctb0033-RO2944",25,24.38,3336,3088,1996,-9.66861111,-65.44972222
"ctb0033-RO2963",25,29.78,2953,2799,1996,-9.465,-65.98138889
"ctb0033-RO3310",25,25.35,3420,3308,1996,-9.37555556,-64.51611111
"ctb0033-RO3322",25,32.75,3076,2788,1996,-9.57277778,-64.86611111
"ctb0033-RO3323",25,25.71,2896,2718,1996,-9.51472222,-64.78083333
"ctb0033-RO3705",25,24.18,4277,3737,1996,-8.88944444,-64.05888889
"ctb0033-RO1894",26,24.81,4392,3515,1996,-9.19888889,-64.44277778
"ctb0033-RO2329",26,26.1,3401,3349,1996,-8.32055556,-62.90722222
"ctb0033-RO2973",26,26.01,3840,3611,1996,-9.71972222,-65.90027778
"ctb0033-RO3347",26,25.53,3116,2897,1996,-9.365,-64.84861111
"ctb0033-RO3353",26,25.57,4339,3812,1996,-8.89416667,-64.02722222
"ctb0033-RO3591",26,25.35,NA,NA,1996,-8.3575,-62.93861111
"ctb0033-RO3735",26,25.23,3764,3343,1996,-8.35277778,-63.88083333
"ctb0033-RO2909",27,26.5,3198,2769,1996,-9.30833333,-64.66416667
"ctb0033-RO2920",27,26.13,3599,3385,1996,-9.73583333,-65.32611111
"ctb0033-RO2935",27,27.09,3875,3551,1996,-9.745,-65.13138889
"ctb0033-RO2941",27,26.49,3361,3151,1996,-9.64583333,-65.55416667
"ctb0033-RO2955",27,27.22,4184,3857,1996,-9.6625,-65.60527778
"ctb0033-RO2966",27,27.74,3753,3423,1996,-9.57444444,-65.93222222
"ctb0033-RO2968",27,25.88,3509,2970,1996,-9.67472222,-65.08916667
"ctb0033-RO2976",27,27.05,3093,2989,1996,-9.87027778,-66.63805556
"ctb0033-RO2989",27,27.13,3697,3424,1996,-9.73583333,-66.31194444
"ctb0033-RO3700",27,25.64,4129,3805,1996,-8.9425,-63.96222222
"ctb0033-RO3706",27,26.21,4116,3812,1996,-8.89194444,-63.89527778
"ctb0033-RO3724",27,26.33,3628,3282,1996,-9.13944444,-64.06083333
"ctb0033-RO3728",27,26.46,3777,3359,1996,-8.01472222,-63.52666667
"ctb0033-RO2389",28,27.73,3472,3178,1996,-8.64472222,-63.69722222
"ctb0033-RO2928",28,25.86,3421,2974,1996,-9.71,-65.25138889
"ctb0033-RO2949",28,28.47,3127,2955,1996,-9.79138889,-65.64805556
"ctb0033-RO3599",28,28.59,3293,3113,1996,-8.17138889,-63.08833333
"ctb0033-RO3701",28,27.69,4014,3614,1996,-8.94555556,-63.91638889
"ctb0033-RO3727",28,28.15,3702,3503,1996,-8.01833333,-63.43277778
"ctb0033-RO3897",28,28,3518,3094,1996,-9.285,-64.33861111
"ctb0033-RO2382",29,27.9,4617,3926,1996,-8.70083333,-63.75583333
"ctb0033-RO2385",29,27.23,3379,3247,1996,-8.67333333,-63.82888889
"ctb0033-RO2916",29,28.71,2857,2726,1996,-9.64472222,-64.85
"ctb0033-RO2931",29,28.44,2867,2735,1996,-9.80611111,-65.24361111
"ctb0033-RO2962",29,28.75,3332,3098,1996,-9.41305556,-65.98527778
"ctb0033-RO2978",29,29.1,3746,3555,1996,-9.80527778,-66.59472222
"ctb0033-RO3593",29,29.38,3714,3434,1996,-8.37472222,-62.96472222
"ctb0033-RO3731",29,28.93,4253,4108,1996,-8.08444444,-63.6075
"ctb0033-RO2940",30,30.31,2904,2772,1996,-9.74527778,-65.55555556
"ctb0033-RO2993",30,29.98,3543,3431,1996,-9.74527778,-66.40388889
"ctb0033-RO3714",30,29.77,3955,3615,1996,-8.76027778,-64.0075
"ctb0033-RO2395",31,30.67,4291,4003,1996,-8.80277778,-63.91722222
"ctb0033-RO2938",31,30.86,4187,3667,1996,-9.43194444,-64.56194444
"ctb0033-RO2988",31,30.12,3832,3606,1996,-9.60916667,-66.47694444
"ctb0033-RO2990",31,30.67,3470,3233,1996,-9.66694444,-66.32166667
"ctb0033-RO2996",31,30.26,3326,3158,1996,-9.83722222,-66.35361111
"ctb0033-RO3343",31,30.48,2832,2735,1996,-9.3675,-64.87333333
"ctb0033-RO3595",31,30.77,3216,2898,1996,-8.32333333,-63.01472222
"ctb0033-RO3726",31,30.96,3874,3569,1996,-7.97833333,-63.38805556
"ctb0033-RO1893",32,31.35,3106,2768,1996,-9.19972222,-64.44416667
"ctb0033-RO2380",32,32.47,4421,3930,1996,-8.64416667,-63.85666667
"ctb0033-RO2396",32,30.94,3941,3675,1996,-8.83861111,-63.96222222
"ctb0033-RO2964",32,34.16,3650,3484,1996,-9.50805556,-65.98
"ctb0033-RO3738",32,32.23,4046,3646,1996,-8.49444444,-63.97027778
"ctb0033-RO2331",33,33.2,4184,3040,1996,-8.25833333,-62.86861111
"ctb0033-RO2398",33,32.92,4134,3679,1996,-8.92888889,-64.01444444
"ctb0033-RO2975",33,33.32,3531,3358,1996,-9.79111111,-66.69472222
"ctb0033-RO2983",33,33.18,3968,3745,1996,-9.73472222,-66.61388889
"ctb0033-RO2984",33,32.08,3764,3552,1996,-9.83666667,-66.55722222
"ctb0033-RO3328",33,34.55,3547,3166,1996,-9.43972222,-65.01388889
"ctb0033-RO2934",34,33.12,4044,3854,1996,-9.76611111,-65.10111111
"ctb0033-RO2937",34,34.09,3669,3477,1996,-9.44194444,-64.63194444
"ctb0033-RO2974",34,33.68,3809,3613,1996,-9.68944444,-65.91555556
"ctb0033-RO3737",34,35.24,4105,3742,1996,-8.40361111,-63.94333333
"ctb0033-RO2341",35,34.21,NA,NA,1996,-8.28305556,-63.00611111
"ctb0033-RO3300",35,35.54,4211,3741,1996,-9.69972222,-66.23888889
"ctb0033-RO3342",35,34.22,2821,2736,1996,-9.35333333,-64.87583333
"ctb0033-RO3750",35,34.69,3548,3430,1996,-9.12305556,-63.82305556
"ctb0033-RO2391",36,36.22,4364,3683,1996,-8.65944444,-63.6
"ctb0033-RO2981",36,34.63,4040,3738,1996,-9.74361111,-66.64805556
"ctb0033-RO3303",36,36.31,3471,3162,1996,-9.70916667,-66.08527778
"ctb0033-RO3748",36,36.21,4343,4003,1996,-9.01694444,-64.0525
"ctb0033-RO3895",36,36.07,3544,3532,1996,-9.14527778,-64.31944444
"ctb0033-RO2387",37,38.12,3359,3117,1996,-8.61166667,-63.72805556
"ctb0033-RO2397",37,37.44,3997,3744,1996,-8.90472222,-63.97666667
"ctb0033-RO2915",37,36.38,3340,3023,1996,-9.63694444,-64.83416667
"ctb0033-RO2921",38,36.34,3691,3203,1996,-9.76972222,-65.29972222
"ctb0033-RO2970",38,36.56,3163,3021,1996,-9.68111111,-65.77333333
"ctb0033-RO2972",38,39.23,3684,3485,1996,-9.67055556,-65.81722222
"ctb0033-RO2980",38,37.33,4386,3886,1996,-9.83166667,-66.73472222
"ctb0033-RO2999",38,36.66,3724,3465,1996,-9.64888889,-66.23555556
"ctb0033-RO3717",38,39.09,3609,3168,1996,-8.82083333,-64.11
"ctb0033-RO1899",39,39.12,3536,3186,1996,-9.24138889,-64.60666667
"ctb0033-RO2986",39,39.65,3842,3749,1996,-9.77666667,-66.49166667
"ctb0033-RO3325",39,40.35,3308,3153,1996,-9.39,-65.03416667
"ctb0033-RO3331",39,43.81,3311,3131,1996,-9.44638889,-65.07611111
"ctb0033-RO3340",39,38.09,3909,3807,1996,-9.37638889,-64.87305556
"ctb0033-RO3590",39,38.16,3576,3423,1996,-8.38833333,-62.93194444
"ctb0033-RO3729",39,38.74,4317,3927,1996,-8.04194444,-63.525
"ctb0033-RO2388",40,38.34,3410,3054,1996,-8.65888889,-63.72166667
"ctb0033-RO2903",40,39.6,3360,3037,1996,-9.37833333,-64.64944444
"ctb0033-RO3584",40,38.98,3419,3202,1996,-8.11888889,-62.92555556
"ctb0033-RO3730",40,40.44,4014,3838,1996,-8.07416667,-63.54361111
"ctb0033-RO2325",41,40.07,3445,3247,1996,-8.18138889,-62.87861111
"ctb0033-RO2386",41,39.74,3673,3506,1996,-8.65555556,-63.7725
"ctb0033-RO3749",41,40.39,3587,3429,1996,-9.04527778,-63.835
"ctb0033-RO2933",42,40.87,3340,3247,1996,-9.91333333,-65.27416667
"ctb0033-RO2936",42,41.11,2949,2802,1996,-9.50305556,-64.76055556
"ctb0033-RO2946",42,41.32,NA,NA,1996,-9.81055556,-65.56055556
"ctb0033-RO2971",42,41.42,3827,3609,1996,-9.7,-65.77722222
"ctb0033-RO3301",42,42.01,4050,3746,1996,-9.74361111,-66.24416667
"ctb0033-RO3587",42,40.9,3960,3839,1996,-8.21861111,-62.93833333
"ctb0033-RO2324",43,43.62,3800,3762,1996,-8.18222222,-62.86416667
"ctb0033-RO3345",43,41.35,3610,3423,1996,-9.37194444,-64.86861111
"ctb0033-RO3346",43,42.05,3008,2899,1996,-9.36888889,-64.86388889
"ctb0033-RO3719",43,41.25,4229,3901,1996,-8.96277778,-64.17111111
"ctb0033-RO3344",44,42.44,4089,4042,1996,-9.37638889,-64.87666667
"ctb0033-RO3704",44,48.7,3913,3853,1996,-9.04138889,-63.94666667
"ctb0033-RO2930",45,45.12,3445,2898,1996,-9.76694444,-65.23527778
"ctb0033-RO2961",45,51.96,3524,3565,1996,-9.63861111,-65.68555556
"ctb0033-RO2985",45,45.1,4122,3928,1996,-9.79444444,-66.53944444
"ctb0033-RO3336",45,46.88,3278,3091,1996,-9.46944444,-65.11111111
"ctb0033-RO2378",46,44.8,3349,3071,1996,-8.68277778,-63.91472222
"ctb0033-RO2956",46,52.23,3700,3571,1996,-9.68777778,-65.6475
"ctb0033-RO2957",46,47.06,3632,3694,1996,-9.53555556,-65.70055556
"ctb0033-RO2969",46,44.28,3337,3082,1996,-9.64777778,-64.99305556
"ctb0033-RO3337",46,44.72,3398,3082,1996,-9.56416667,-65.02861111
"ctb0033-RO3736",46,45.56,3837,3679,1996,-8.35694444,-63.93388889
"ctb0033-RO3743",46,45.58,4970,4221,1996,-8.72083333,-63.95166667
"ctb0033-RO2900",47,46.63,3355,3087,1996,-9.28,-64.595
"ctb0033-RO2914",47,47.39,3321,3042,1996,-9.40777778,-64.71166667
"ctb0033-RO3586",47,46.71,3840,3581,1996,-8.21888889,-62.91333333
"ctb0033-RO3592",47,46.7,3612,3533,1996,-8.3475,-62.95111111
"ctb0033-RO3703",47,45.47,3658,3567,1996,-9.02944444,-63.87555556
"ctb0033-RO3740",47,44.64,4723,4450,1996,-8.61805556,-63.94666667
"ctb0033-RO2932",48,48.58,3617,3464,1996,-9.82444444,-65.24916667
"ctb0033-RO3313",48,46.73,3090,2861,1996,-9.34666667,-64.55416667
"ctb0033-RO3747",48,49.8,4123,3868,1996,-9.04166667,-64.08666667
"ctb0033-RO2326",49,47.19,3792,3709,1996,-8.21027778,-62.89138889
"ctb0033-RO2943",49,49.17,3627,3472,1996,-9.69916667,-65.53527778
"ctb0033-RO1470",50,54.32,5438,5238,1996,-9.55833333,-64.14805556
"ctb0033-RO3305",51,50.29,4088,3869,1996,-9.295,-64.49888889
"ctb0033-RO3583",52,52.44,4613,4382,1996,-8.11972222,-62.94555556
"ctb0033-RO2959",53,55.39,3447,2977,1996,-9.56305556,-65.65416667
"ctb0033-RO3725",53,54.01,4497,4275,1996,-7.97972222,-63.38277778
"ctb0033-RO2927",54,54.45,3639,3222,1996,-9.69111111,-65.25416667
"ctb0033-RO3709",54,52.16,3913,3621,1996,-8.8425,-63.84972222
"ctb0033-RO2338",55,53.77,3501,3197,1996,-8.37611111,-63.01194444
"ctb0033-RO3582",55,51.61,3697,3421,1996,-8.16388889,-62.92111111
"ctb0033-RO3598",55,54.69,3733,3597,1996,-8.16777778,-62.96555556
"ctb0033-RO2929",56,54.42,4253,4224,1996,-9.72388889,-65.25861111
"ctb0033-RO3351",57,60.64,4287,4123,1996,-8.81777778,-63.96527778
"ctb0033-RO2960",58,67.58,3500,3154,1996,-9.60861111,-65.67555556
"ctb0033-RO2979",58,56.42,3808,3663,1996,-9.7975,-66.74083333
"ctb0033-RO3352",58,58.7,4735,4450,1996,-8.87222222,-63.95388889
"ctb0033-RO1898",60,58.34,4054,3903,1996,-9.24166667,-64.5325
"ctb0033-RO3597",60,59.15,4921,4834,1996,-8.105,-62.94444444
"ctb0033-RO2945",61,63.99,4267,4129,1996,-9.65861111,-65.49444444
"ctb0033-RO3581",63,61.86,4238,4211,1996,-8.165,-62.89111111
"ctb0033-RO3308",65,64.66,5210,4962,1996,-9.45777778,-64.51833333
"ctb0033-RO3721",67,69.88,3883,3535,1996,-9.21361111,-64.04194444
"ctb0033-RO2383",68,67.57,4355,4058,1996,-8.71527778,-63.77972222
"ctb0033-RO3716",70,70.06,4245,3797,1996,-8.76,-64.08944444
"ctb0033-RO1153",71,72.1,4514,4129,1996,-9.71361111,-63.65805556
"ctb0033-RO3354",73,69.57,5236,4855,1996,-8.86361111,-64.06194444
"ctb0033-RO2907",74,74.7,5113,4935,1996,-9.44333333,-64.61805556
"ctb0033-RO3585",76,75.63,4033,3887,1996,-8.16694444,-62.91305556
"ctb0033-RO3707",78,78.65,5105,4834,1996,-8.86388889,-63.90583333
"ctb0033-RO2323",81,77.71,5096,4956,1996,-8.12194444,-62.89055556
"ctb0033-RO3722",81,79.27,5445,5373,1996,-9.23527778,-64.04194444
"ctb0033-RO2987",86,86.06,5107,4840,1996,-9.69138889,-66.50166667
"ctb0033-RO3746",86,83.54,5541,5472,1996,-9.07027778,-64.18277778
"ctb0033-RO3734",87,88.82,5855,6105,1996,-8.34777778,-63.86527778
"ctb0033-RO2917",89,86,5367,5538,1996,-9.68583333,-65.36611111
"ctb0033-RO3718",91,91.04,6674,6446,1996,-8.82916667,-64.13027778
"ctb0033-RO3309",94,96.32,5517,5377,1996,-9.42805556,-64.51694444
"ctb0033-RO3739",108,107.39,6468,6231,1996,-8.49416667,-63.93916667
"ctb0033-RO3720",109,129.08,6323,6304,1996,-9.08638889,-64.065
"ctb0033-RO3314",110,104,4511,3494,1996,-9.48166667,-64.78638889
"ctb0033-RO3713",175,179.61,9291,9980,1996,-8.74833333,-63.96388889
